4.600000000000000200e-01 2.370000000000000107e+00 2.736232511735297521e+03 5.000000000000000278e-02
7.399999999999999911e-01 2.020000000000000018e+00 4.914329714329427588e+03 5.000000000000000278e-02
6.059999999999999831e-01 2.229999999999999982e+00 3.489500400418151912e+03 5.000000000000000278e-02
4.919999999999999929e-01 1.340000000000000080e+00 3.452958606444940415e+03 5.000000000000000278e-02
3.900000000000000133e-01 2.609999999999999876e+00 1.923845444206205002e+03 5.000000000000000278e-02
5.500000000000000444e-01 1.330000000000000071e+00 3.693310819984510999e+03 5.000000000000000278e-02
6.219999999999999973e-01 1.530000000000000027e+00 4.973106251466425419e+03 5.000000000000000278e-02
1.819999999999999951e-01 1.909999999999999920e+00 8.917945285762493768e+02 5.000000000000000278e-02
3.800000000000000044e-01 2.810000000000000053e+00 1.781293597143925354e+03 5.000000000000000278e-02
6.119999999999999885e-01 2.899999999999999911e+00 3.202412032123128029e+03 5.000000000000000278e-02
3.140000000000000013e-01 9.200000000000000400e-01 2.069677443063232204e+03 5.000000000000000278e-02
4.819999999999999840e-01 8.599999999999999867e-01 4.839021202548799920e+03 5.000000000000000278e-02
7.099999999999999645e-01 1.379999999999999893e+00 5.818093107604787292e+03 5.000000000000000278e-02
5.500000000000000444e-01 4.519999999999999574e+00 3.010036949002942038e+03 5.000000000000000278e-02
4.259999999999999898e-01 1.120000000000000107e+00 2.751199070319049042e+03 5.000000000000000278e-02
3.719999999999999973e-01 1.350000000000000089e+00 2.325472933103329979e+03 5.000000000000000278e-02
1.700000000000000122e-01 2.720000000000000195e+00 6.993428735163381589e+02 5.000000000000000278e-02
3.900000000000000133e-01 1.409999999999999920e+00 2.285095896710558918e+03 5.000000000000000278e-02
8.880000000000000115e-01 1.600000000000000089e+00 8.713789019893278237e+03 5.000000000000000278e-02
4.859999999999999876e-01 1.889999999999999902e+00 2.936862912846833296e+03 5.000000000000000278e-02
2.939999999999999836e-01 2.560000000000000053e+00 1.448532714704773070e+03 5.000000000000000278e-02
3.739999999999999991e-01 1.209999999999999964e+00 2.402314563664772322e+03 5.000000000000000278e-02
6.260000000000000009e-01 2.950000000000000178e+00 3.498800088426185539e+03 5.000000000000000278e-02
6.840000000000000524e-01 1.090000000000000080e+00 8.779440089851781522e+03 5.000000000000000278e-02
4.400000000000000022e-01 2.089999999999999858e+00 2.323683832995251123e+03 5.000000000000000278e-02
4.119999999999999774e-01 2.810000000000000053e+00 2.247407601287395664e+03 5.000000000000000278e-02
3.840000000000000080e-01 2.250000000000000000e+00 2.115941581668785147e+03 5.000000000000000278e-02
7.379999999999999893e-01 2.790000000000000036e+00 4.333367192720192179e+03 5.000000000000000278e-02
2.340000000000000135e-01 3.100000000000000089e+00 1.089187045284441638e+03 5.000000000000000278e-02
5.260000000000000231e-01 2.600000000000000089e+00 2.873087450572521902e+03 5.000000000000000278e-02
6.219999999999999973e-01 1.860000000000000098e+00 4.024772629585683717e+03 5.000000000000000278e-02
5.759999999999999565e-01 1.810000000000000053e+00 3.777869803821095502e+03 5.000000000000000278e-02
3.820000000000000062e-01 1.139999999999999902e+00 2.256741309925409496e+03 5.000000000000000278e-02
5.639999999999999458e-01 1.760000000000000009e+00 3.856852140869108553e+03 5.000000000000000278e-02
3.019999999999999907e-01 1.310000000000000053e+00 1.497521229868164482e+03 5.000000000000000278e-02
2.959999999999999853e-01 1.429999999999999938e+00 1.584682467364064905e+03 5.000000000000000278e-02
4.839999999999999858e-01 2.089999999999999858e+00 2.875715358182625550e+03 5.000000000000000278e-02
6.500000000000000222e-01 1.919999999999999929e+00 4.645065694917921974e+03 5.000000000000000278e-02
4.939999999999999947e-01 1.489999999999999991e+00 3.269587684169557178e+03 5.000000000000000278e-02
3.940000000000000169e-01 1.179999999999999938e+00 2.598652250332177573e+03 5.000000000000000278e-02
7.540000000000000036e-01 1.600000000000000089e+00 5.969588970798067749e+03 5.000000000000000278e-02
4.420000000000000040e-01 6.800000000000000488e-01 5.471594415961227241e+03 5.000000000000000278e-02
5.240000000000000213e-01 4.660000000000000142e+00 2.573033127424411305e+03 5.000000000000000278e-02
5.919999999999999707e-01 3.020000000000000018e+00 3.494489372129801268e+03 5.000000000000000278e-02
5.020000000000000018e-01 1.409999999999999920e+00 3.666596416840346592e+03 5.000000000000000278e-02
4.159999999999999809e-01 2.390000000000000124e+00 2.125118435275548109e+03 5.000000000000000278e-02
2.959999999999999853e-01 2.359999999999999876e+00 1.459627714038344720e+03 5.000000000000000278e-02
5.540000000000000480e-01 1.340000000000000080e+00 4.115120527747114465e+03 5.000000000000000278e-02
4.680000000000000271e-01 2.339999999999999858e+00 2.549113226765878153e+03 5.000000000000000278e-02
6.680000000000000382e-01 1.770000000000000018e+00 4.877466229769310303e+03 5.000000000000000278e-02
3.400000000000000244e-01 2.200000000000000178e+00 1.697179039523945676e+03 5.000000000000000278e-02
3.619999999999999885e-01 1.899999999999999911e+00 2.031935781426200037e+03 5.000000000000000278e-02
5.000000000000000000e-01 2.890000000000000124e+00 2.684374192971111370e+03 5.000000000000000278e-02
3.039999999999999925e-01 1.760000000000000009e+00 1.596560790867849619e+03 5.000000000000000278e-02
2.220000000000000029e-01 2.100000000000000089e+00 1.091560861124521125e+03 5.000000000000000278e-02
4.919999999999999929e-01 3.009999999999999787e+00 2.575317655617388482e+03 5.000000000000000278e-02
3.619999999999999885e-01 1.280000000000000027e+00 2.060515882854238953e+03 5.000000000000000278e-02
6.720000000000000417e-01 2.359999999999999876e+00 4.055567573418823486e+03 5.000000000000000278e-02
6.199999999999999956e-02 3.299999999999999822e+00 2.683160859977205632e+02 5.000000000000000278e-02
5.540000000000000480e-01 2.310000000000000053e+00 3.053042733888241401e+03 5.000000000000000278e-02
4.359999999999999987e-01 2.939999999999999947e+00 2.316576025099487197e+03 5.000000000000000278e-02
6.099999999999999867e-01 1.899999999999999911e+00 3.787198015413831399e+03 5.000000000000000278e-02
7.279999999999999805e-01 2.479999999999999982e+00 4.244498842137252723e+03 5.000000000000000278e-02
5.600000000000000533e-01 1.840000000000000080e+00 3.797468109281854595e+03 5.000000000000000278e-02
3.079999999999999960e-01 1.770000000000000018e+00 1.631794946963904522e+03 5.000000000000000278e-02
4.139999999999999791e-01 2.140000000000000124e+00 2.257937149274912372e+03 5.000000000000000278e-02
5.420000000000000373e-01 1.879999999999999893e+00 3.126599057564002123e+03 5.000000000000000278e-02
4.580000000000000182e-01 1.449999999999999956e+00 2.781909059304280618e+03 5.000000000000000278e-02
3.019999999999999907e-01 2.000000000000000000e+00 1.500562786029752488e+03 5.000000000000000278e-02
5.580000000000000515e-01 1.800000000000000044e+00 3.705590909580015705e+03 5.000000000000000278e-02
4.759999999999999787e-01 2.879999999999999893e+00 2.728900603877044887e+03 5.000000000000000278e-02
5.600000000000000533e-01 2.660000000000000142e+00 3.022635159263673813e+03 5.000000000000000278e-02
2.640000000000000124e-01 2.370000000000000107e+00 1.240771414509861870e+03 5.000000000000000278e-02
5.600000000000000533e-01 1.320000000000000062e+00 4.480608191128505496e+03 5.000000000000000278e-02
4.739999999999999769e-01 1.510000000000000009e+00 2.986113316378553009e+03 5.000000000000000278e-02
5.819999999999999618e-01 2.680000000000000160e+00 3.415116867087384435e+03 5.000000000000000278e-02
7.219999999999999751e-01 3.620000000000000107e+00 3.586353010208959859e+03 5.000000000000000278e-02
4.919999999999999929e-01 1.439999999999999947e+00 3.204285401743204602e+03 5.000000000000000278e-02
7.500000000000000000e-01 1.580000000000000071e+00 6.305394826851395919e+03 5.000000000000000278e-02
7.740000000000000213e-01 2.759999999999999787e+00 4.436964246301886305e+03 5.000000000000000278e-02
4.400000000000000022e-01 1.639999999999999902e+00 2.656920402010292037e+03 5.000000000000000278e-02
6.919999999999999485e-01 1.370000000000000107e+00 5.900752512583180760e+03 5.000000000000000278e-02
6.600000000000000311e-02 2.180000000000000160e+00 3.077858942449890378e+02 5.000000000000000278e-02
5.220000000000000195e-01 1.399999999999999911e+00 3.830749110201858457e+03 5.000000000000000278e-02
2.320000000000000118e-01 2.229999999999999982e+00 1.099108533143328941e+03 5.000000000000000278e-02
6.999999999999999556e-01 2.200000000000000178e+00 4.353418889827342355e+03 5.000000000000000278e-02
6.099999999999999867e-01 1.790000000000000036e+00 4.090854130357468421e+03 5.000000000000000278e-02
6.340000000000000080e-01 2.279999999999999805e+00 4.259733434870653582e+03 5.000000000000000278e-02
5.240000000000000213e-01 1.199999999999999956e+00 3.660278551400927427e+03 5.000000000000000278e-02
8.200000000000000344e-02 1.979999999999999982e+00 3.824768051245909533e+02 5.000000000000000278e-02
2.819999999999999729e-01 1.270000000000000018e+00 1.609133985383718255e+03 5.000000000000000278e-02
4.560000000000000164e-01 1.760000000000000009e+00 2.733653987612912260e+03 5.000000000000000278e-02
6.919999999999999485e-01 1.780000000000000027e+00 5.064629407465497025e+03 5.000000000000000278e-02
3.820000000000000062e-01 2.459999999999999964e+00 1.894293276881785232e+03 5.000000000000000278e-02
6.979999999999999538e-01 2.979999999999999982e+00 4.320506511788746138e+03 5.000000000000000278e-02
6.780000000000000471e-01 1.469999999999999973e+00 5.630438063009822145e+03 5.000000000000000278e-02
2.680000000000000160e-01 1.620000000000000107e+00 1.425744588456140264e+03 5.000000000000000278e-02
1.980000000000000093e-01 2.700000000000000178e+00 9.599049197516599179e+02 5.000000000000000278e-02
6.800000000000000488e-01 1.550000000000000044e+00 5.444079507277336234e+03 5.000000000000000278e-02
5.380000000000000338e-01 1.350000000000000089e+00 4.071572715576761766e+03 5.000000000000000278e-02
4.580000000000000182e-01 2.649999999999999911e+00 2.538370015215271451e+03 5.000000000000000278e-02
4.939999999999999947e-01 2.399999999999999911e+00 2.778200623133835506e+03 5.000000000000000278e-02
4.580000000000000182e-01 2.490000000000000213e+00 2.638106144064610817e+03 5.000000000000000278e-02
7.860000000000000320e-01 3.649999999999999911e+00 4.437323987348385344e+03 5.000000000000000278e-02
6.620000000000000329e-01 2.589999999999999858e+00 3.910724640176835237e+03 5.000000000000000278e-02
8.679999999999999938e-01 2.509999999999999787e+00 5.570269452078135146e+03 5.000000000000000278e-02
4.000000000000000222e-01 2.890000000000000124e+00 2.131289255416644664e+03 5.000000000000000278e-02
3.140000000000000013e-01 2.850000000000000089e+00 1.422073262762685090e+03 5.000000000000000278e-02
6.219999999999999973e-01 2.790000000000000036e+00 3.720867795629546890e+03 5.000000000000000278e-02
2.600000000000000089e-01 2.379999999999999893e+00 1.260578867866132441e+03 5.000000000000000278e-02
3.900000000000000133e-01 1.030000000000000027e+00 2.497683889014639135e+03 5.000000000000000278e-02
7.520000000000000018e-01 3.879999999999999893e+00 3.868811966256957930e+03 5.000000000000000278e-02
4.199999999999999845e-01 2.220000000000000195e+00 2.325809139079130091e+03 5.000000000000000278e-02
1.859999999999999987e-01 1.389999999999999902e+00 9.099868082592519158e+02 5.000000000000000278e-02
1.479999999999999927e-01 2.189999999999999947e+00 6.473750877364749385e+02 5.000000000000000278e-02
7.439999999999999947e-01 2.009999999999999787e+00 4.959577046238021467e+03 5.000000000000000278e-02
4.739999999999999769e-01 3.509999999999999787e+00 2.285813924488271823e+03 5.000000000000000278e-02
5.979999999999999760e-01 1.959999999999999964e+00 3.818432013144707980e+03 5.000000000000000278e-02
4.259999999999999898e-01 2.600000000000000089e+00 2.193548668452844140e+03 5.000000000000000278e-02
5.540000000000000480e-01 1.969999999999999973e+00 3.254627716287926887e+03 5.000000000000000278e-02
4.660000000000000253e-01 3.000000000000000000e+00 2.152047849741544724e+03 5.000000000000000278e-02
6.199999999999999956e-01 1.790000000000000036e+00 4.170286904048112774e+03 5.000000000000000278e-02
5.000000000000000000e-01 3.430000000000000160e+00 2.346879836195628741e+03 5.000000000000000278e-02
9.899999999999999911e-01 2.459999999999999964e+00 7.426198958676548500e+03 5.000000000000000278e-02
8.739999999999999991e-01 1.510000000000000009e+00 9.027783780083578677e+03 5.000000000000000278e-02
3.679999999999999938e-01 1.979999999999999982e+00 1.893888821590212956e+03 5.000000000000000278e-02
3.400000000000000244e-01 2.759999999999999787e+00 1.763984422054641300e+03 5.000000000000000278e-02
6.039999999999999813e-01 1.340000000000000080e+00 4.945946403993946660e+03 5.000000000000000278e-02
4.680000000000000271e-01 2.520000000000000018e+00 2.572685308551423987e+03 5.000000000000000278e-02
7.720000000000000195e-01 2.040000000000000036e+00 5.311012172362616184e+03 5.000000000000000278e-02
5.240000000000000213e-01 1.560000000000000053e+00 3.447837374955553059e+03 5.000000000000000278e-02
3.099999999999999978e-01 1.540000000000000036e+00 1.726964000630131068e+03 5.000000000000000278e-02
2.099999999999999922e-01 2.850000000000000089e+00 9.759791608361591670e+02 5.000000000000000278e-02
3.260000000000000120e-01 1.139999999999999902e+00 1.865871581771138381e+03 5.000000000000000278e-02
3.800000000000000044e-01 1.229999999999999982e+00 2.180996191929099496e+03 5.000000000000000278e-02
4.400000000000000022e-01 2.859999999999999876e+00 2.144772809651705757e+03 5.000000000000000278e-02
3.300000000000000155e-01 3.040000000000000036e+00 1.650492559418205929e+03 5.000000000000000278e-02
6.219999999999999973e-01 1.530000000000000027e+00 4.532962040086868001e+03 5.000000000000000278e-02
4.859999999999999876e-01 2.939999999999999947e+00 2.662974798562936485e+03 5.000000000000000278e-02
8.179999999999999494e-01 2.799999999999999822e+00 5.306888565451360591e+03 5.000000000000000278e-02
8.259999999999999565e-01 1.699999999999999956e+00 7.351534614470157976e+03 5.000000000000000278e-02
2.399999999999999911e-01 1.479999999999999982e+00 1.202605976695835579e+03 5.000000000000000278e-02
3.880000000000000115e-01 1.250000000000000000e+00 2.498293897441751142e+03 5.000000000000000278e-02
6.260000000000000009e-01 2.799999999999999822e+00 3.682075241056485538e+03 5.000000000000000278e-02
2.600000000000000089e-01 1.479999999999999982e+00 1.331989444637112229e+03 5.000000000000000278e-02
4.759999999999999787e-01 2.850000000000000089e+00 2.533419043893869912e+03 5.000000000000000278e-02
4.199999999999999845e-01 1.409999999999999920e+00 2.542514551749864040e+03 5.000000000000000278e-02
3.679999999999999938e-01 1.530000000000000027e+00 2.051235228472739436e+03 5.000000000000000278e-02
5.520000000000000462e-01 1.060000000000000053e+00 5.379377493107854207e+03 5.000000000000000278e-02
2.500000000000000000e-01 5.120000000000000107e+00 1.087084219953868796e+03 5.000000000000000278e-02
3.579999999999999849e-01 1.489999999999999991e+00 2.091040629638237078e+03 5.000000000000000278e-02
5.580000000000000515e-01 9.499999999999999556e-01 5.906410115998089168e+03 5.000000000000000278e-02
1.360000000000000098e-01 1.010000000000000009e+00 6.945723479504645184e+02 5.000000000000000278e-02
3.300000000000000155e-01 1.459999999999999964e+00 1.817127116578869163e+03 5.000000000000000278e-02
3.619999999999999885e-01 6.899999999999999467e-01 3.434392011559308230e+03 5.000000000000000278e-02
4.739999999999999769e-01 1.979999999999999982e+00 2.779242182026308910e+03 5.000000000000000278e-02
2.800000000000000266e-01 3.520000000000000018e+00 1.321339187441823469e+03 5.000000000000000278e-02
5.360000000000000320e-01 2.870000000000000107e+00 2.981401335628692777e+03 5.000000000000000278e-02
4.219999999999999862e-01 1.379999999999999893e+00 2.401199377998771979e+03 5.000000000000000278e-02
6.139999999999999902e-01 1.229999999999999982e+00 5.146815151923442500e+03 5.000000000000000278e-02
5.100000000000000089e-01 2.620000000000000107e+00 2.678355549134976627e+03 5.000000000000000278e-02
7.239999999999999769e-01 2.169999999999999929e+00 4.818035516190778253e+03 5.000000000000000278e-02
5.759999999999999565e-01 1.479999999999999982e+00 4.218042202384767734e+03 5.000000000000000278e-02
3.559999999999999831e-01 8.399999999999999689e-01 2.501128984203813616e+03 5.000000000000000278e-02
4.739999999999999769e-01 2.700000000000000178e+00 2.564569763219451943e+03 5.000000000000000278e-02
8.800000000000000044e-01 2.390000000000000124e+00 6.177875216242987335e+03 5.000000000000000278e-02
2.540000000000000036e-01 2.660000000000000142e+00 1.338659377478033548e+03 5.000000000000000278e-02
6.400000000000000133e-01 1.870000000000000107e+00 4.425777774290159869e+03 5.000000000000000278e-02
4.380000000000000004e-01 1.580000000000000071e+00 2.731731155194370331e+03 5.000000000000000278e-02
1.700000000000000122e-01 1.139999999999999902e+00 7.924469599860343578e+02 5.000000000000000278e-02
7.339999999999999858e-01 1.280000000000000027e+00 7.273991201896816165e+03 5.000000000000000278e-02
2.240000000000000047e-01 2.089999999999999858e+00 1.126159115209936317e+03 5.000000000000000278e-02
1.300000000000000044e-01 2.080000000000000071e+00 5.833059481974106575e+02 5.000000000000000278e-02
3.760000000000000009e-01 2.390000000000000124e+00 1.851154791725382893e+03 5.000000000000000278e-02
3.559999999999999831e-01 2.870000000000000107e+00 1.702171962704295083e+03 5.000000000000000278e-02
6.199999999999999956e-02 6.300000000000000044e-01 2.918439758529010533e+02 5.000000000000000278e-02
4.779999999999999805e-01 2.069999999999999840e+00 2.771157176627265926e+03 5.000000000000000278e-02
6.780000000000000471e-01 1.479999999999999982e+00 5.252343403213976671e+03 5.000000000000000278e-02
6.700000000000000400e-01 2.950000000000000178e+00 3.872981099970676041e+03 5.000000000000000278e-02
3.800000000000000044e-01 2.750000000000000000e+00 1.690844742891957139e+03 5.000000000000000278e-02
2.099999999999999922e-01 1.939999999999999947e+00 1.038512268465758552e+03 5.000000000000000278e-02
4.580000000000000182e-01 2.640000000000000124e+00 2.381901258722106377e+03 5.000000000000000278e-02
4.079999999999999738e-01 1.530000000000000027e+00 2.182100952877562577e+03 5.000000000000000278e-02
8.020000000000000462e-01 2.149999999999999911e+00 5.719313525169111927e+03 5.000000000000000278e-02
6.300000000000000044e-01 4.179999999999999716e+00 3.596341291527493922e+03 5.000000000000000278e-02
4.420000000000000040e-01 2.009999999999999787e+00 2.330205690884724390e+03 5.000000000000000278e-02
4.739999999999999769e-01 1.360000000000000098e+00 3.152168227366896645e+03 5.000000000000000278e-02
5.899999999999999689e-01 1.979999999999999982e+00 3.557054397740786953e+03 5.000000000000000278e-02
4.859999999999999876e-01 2.040000000000000036e+00 2.609892178734576646e+03 5.000000000000000278e-02
3.760000000000000009e-01 2.120000000000000107e+00 1.802643226403809194e+03 5.000000000000000278e-02
4.359999999999999987e-01 1.760000000000000009e+00 2.444899917348205690e+03 5.000000000000000278e-02
4.779999999999999805e-01 2.580000000000000071e+00 2.457423287004522990e+03 5.000000000000000278e-02
4.899999999999999911e-01 2.319999999999999840e+00 2.572751552848134452e+03 5.000000000000000278e-02
5.140000000000000124e-01 1.919999999999999929e+00 2.935529048876474462e+03 5.000000000000000278e-02
3.079999999999999960e-01 1.409999999999999920e+00 1.825073798709767061e+03 5.000000000000000278e-02
7.299999999999999822e-01 2.930000000000000160e+00 4.453222505796584301e+03 5.000000000000000278e-02
2.500000000000000000e-01 1.780000000000000027e+00 1.408344014607022473e+03 5.000000000000000278e-02
3.780000000000000027e-01 2.240000000000000213e+00 1.830420866572018895e+03 5.000000000000000278e-02
3.519999999999999796e-01 3.410000000000000142e+00 1.745129947913377919e+03 5.000000000000000278e-02
7.620000000000000107e-01 1.459999999999999964e+00 6.683711676886578971e+03 5.000000000000000278e-02
5.600000000000000533e-01 2.950000000000000178e+00 2.746663573218287638e+03 5.000000000000000278e-02
5.300000000000000266e-01 2.129999999999999893e+00 2.961444940023455729e+03 5.000000000000000278e-02
3.900000000000000133e-01 1.399999999999999911e+00 2.212278894389613015e+03 5.000000000000000278e-02
4.020000000000000240e-01 1.419999999999999929e+00 2.377054073625379715e+03 5.000000000000000278e-02
2.839999999999999747e-01 2.669999999999999929e+00 1.306081500461744781e+03 5.000000000000000278e-02
2.580000000000000071e-01 1.429999999999999938e+00 1.376161695625410630e+03 5.000000000000000278e-02
4.380000000000000004e-01 2.689999999999999947e+00 2.440756185713584728e+03 5.000000000000000278e-02
6.139999999999999902e-01 2.729999999999999982e+00 3.466903797407722323e+03 5.000000000000000278e-02
3.840000000000000080e-01 1.649999999999999911e+00 2.075895411056726061e+03 5.000000000000000278e-02
3.760000000000000009e-01 1.750000000000000000e+00 2.044314845311339013e+03 5.000000000000000278e-02
2.399999999999999911e-01 7.700000000000000178e-01 1.489998774896279656e+03 5.000000000000000278e-02
4.139999999999999791e-01 2.200000000000000178e+00 2.047516556908950633e+03 5.000000000000000278e-02
7.019999999999999574e-01 3.100000000000000089e+00 4.145150936269569684e+03 5.000000000000000278e-02
3.360000000000000209e-01 1.729999999999999982e+00 1.825769052147448974e+03 5.000000000000000278e-02
2.999999999999999889e-01 1.550000000000000044e+00 1.674475396664450500e+03 5.000000000000000278e-02
3.639999999999999902e-01 1.199999999999999956e+00 2.304336141690866953e+03 5.000000000000000278e-02
1.900000000000000022e-01 7.299999999999999822e-01 1.094255029897694385e+03 5.000000000000000278e-02
5.999999999999999778e-01 1.560000000000000053e+00 4.096900183281181853e+03 5.000000000000000278e-02
6.899999999999999467e-01 2.240000000000000213e+00 3.984992397879530472e+03 5.000000000000000278e-02
8.399999999999999689e-01 2.359999999999999876e+00 6.004058698180019746e+03 5.000000000000000278e-02
2.439999999999999947e-01 1.550000000000000044e+00 1.155747039749680425e+03 5.000000000000000278e-02
2.159999999999999976e-01 2.660000000000000142e+00 1.030698338059888556e+03 5.000000000000000278e-02
3.180000000000000049e-01 3.259999999999999787e+00 1.440387468159136233e+03 5.000000000000000278e-02
4.580000000000000182e-01 2.580000000000000071e+00 2.432481330286117554e+03 5.000000000000000278e-02
4.440000000000000058e-01 1.790000000000000036e+00 2.524134115110595303e+03 5.000000000000000278e-02
2.399999999999999911e-01 2.950000000000000178e+00 1.121451918359972069e+03 5.000000000000000278e-02
5.500000000000000444e-01 2.270000000000000018e+00 3.290381097203983700e+03 5.000000000000000278e-02
3.559999999999999831e-01 2.520000000000000018e+00 1.754725319096254680e+03 5.000000000000000278e-02
1.880000000000000004e-01 1.540000000000000036e+00 8.646153055724269052e+02 5.000000000000000278e-02
7.419999999999999929e-01 2.330000000000000071e+00 4.781785036536909502e+03 5.000000000000000278e-02
3.340000000000000191e-01 1.530000000000000027e+00 1.775051792717960097e+03 5.000000000000000278e-02
6.139999999999999902e-01 4.089999999999999858e+00 3.265502867544528272e+03 5.000000000000000278e-02
4.939999999999999947e-01 1.979999999999999982e+00 2.787533659401506156e+03 5.000000000000000278e-02
5.440000000000000391e-01 1.989999999999999991e+00 3.162333417531130635e+03 5.000000000000000278e-02
6.019999999999999796e-01 2.149999999999999911e+00 3.707420210684098038e+03 5.000000000000000278e-02
5.120000000000000107e-01 4.410000000000000142e+00 2.530295629927550181e+03 5.000000000000000278e-02
8.499999999999999778e-01 2.879999999999999893e+00 5.409920916104036223e+03 5.000000000000000278e-02
3.119999999999999996e-01 2.169999999999999929e+00 1.563897445811788657e+03 5.000000000000000278e-02
8.060000000000000497e-01 3.450000000000000178e+00 4.448594509811627177e+03 5.000000000000000278e-02
4.339999999999999969e-01 1.929999999999999938e+00 2.347196144050723888e+03 5.000000000000000278e-02
1.580000000000000016e-01 3.300000000000000155e-01 1.311040707433159923e+03 5.000000000000000278e-02
1.680000000000000104e-01 4.899999999999999911e-01 1.108836769288722280e+03 5.000000000000000278e-02
4.199999999999999845e-01 1.389999999999999902e+00 2.402682497885898101e+03 5.000000000000000278e-02
3.659999999999999920e-01 1.239999999999999991e+00 2.377525971545237553e+03 5.000000000000000278e-02
3.559999999999999831e-01 4.330000000000000071e+00 1.611754680855126253e+03 5.000000000000000278e-02
2.839999999999999747e-01 1.419999999999999929e+00 1.406891983633510335e+03 5.000000000000000278e-02
7.840000000000000302e-01 1.939999999999999947e+00 5.414832860505723147e+03 5.000000000000000278e-02
9.739999999999999769e-01 1.820000000000000062e+00 9.309051176604874854e+03 5.000000000000000278e-02
6.939999999999999503e-01 2.240000000000000213e+00 4.575507408756941004e+03 5.000000000000000278e-02
2.899999999999999800e-01 1.510000000000000009e+00 1.522394381940846415e+03 5.000000000000000278e-02
5.060000000000000053e-01 2.870000000000000107e+00 2.658895359780108265e+03 5.000000000000000278e-02
5.520000000000000462e-01 2.589999999999999858e+00 3.076169477155240202e+03 5.000000000000000278e-02
5.999999999999999778e-01 1.489999999999999991e+00 4.458946294701107945e+03 5.000000000000000278e-02
4.020000000000000240e-01 1.820000000000000062e+00 2.179967134760663157e+03 5.000000000000000278e-02
5.160000000000000142e-01 8.399999999999999689e-01 5.646561511882591731e+03 5.000000000000000278e-02
4.460000000000000075e-01 2.700000000000000178e+00 2.215457773156755593e+03 5.000000000000000278e-02
7.099999999999999645e-01 1.300000000000000044e+00 7.050868616129467227e+03 5.000000000000000278e-02
7.600000000000000089e-01 1.610000000000000098e+00 6.356292689567942034e+03 5.000000000000000278e-02
4.339999999999999969e-01 1.199999999999999956e+00 2.834240893422407225e+03 5.000000000000000278e-02
4.099999999999999756e-01 1.280000000000000027e+00 2.618962206261765004e+03 5.000000000000000278e-02
5.260000000000000231e-01 2.109999999999999876e+00 2.948771662835331881e+03 5.000000000000000278e-02
2.139999999999999958e-01 1.989999999999999991e+00 1.093997522218666290e+03 5.000000000000000278e-02
6.179999999999999938e-01 1.669999999999999929e+00 4.312261793491284152e+03 5.000000000000000278e-02
5.620000000000000551e-01 1.169999999999999929e+00 4.395864966651392933e+03 5.000000000000000278e-02
3.599999999999999867e-01 2.009999999999999787e+00 1.790274202870942645e+03 5.000000000000000278e-02
8.239999999999999547e-01 1.429999999999999938e+00 8.196237185136955304e+03 5.000000000000000278e-02
7.799999999999999989e-02 1.889999999999999902e+00 3.224725054040781629e+02 5.000000000000000278e-02
4.400000000000000022e-01 1.659999999999999920e+00 2.596491867806087612e+03 5.000000000000000278e-02
4.739999999999999769e-01 2.430000000000000160e+00 2.746880018450757689e+03 5.000000000000000278e-02
5.659999999999999476e-01 1.239999999999999991e+00 4.562650870849671264e+03 5.000000000000000278e-02
5.240000000000000213e-01 2.939999999999999947e+00 2.605906470844881824e+03 5.000000000000000278e-02
5.919999999999999707e-01 2.620000000000000107e+00 3.201093353308021051e+03 5.000000000000000278e-02
3.519999999999999796e-01 1.020000000000000018e+00 2.275825624336349847e+03 5.000000000000000278e-02
1.439999999999999891e-01 1.669999999999999929e+00 7.183243777992020114e+02 5.000000000000000278e-02
7.219999999999999751e-01 3.330000000000000071e+00 4.008018614568756675e+03 5.000000000000000278e-02
7.039999999999999591e-01 2.049999999999999822e+00 4.576817657652033631e+03 5.000000000000000278e-02
6.540000000000000258e-01 2.189999999999999947e+00 3.970228943018436894e+03 5.000000000000000278e-02
5.719999999999999529e-01 2.430000000000000160e+00 3.083758447347599940e+03 5.000000000000000278e-02
5.420000000000000373e-01 3.930000000000000160e+00 3.016019938875212574e+03 5.000000000000000278e-02
5.939999999999999725e-01 3.080000000000000071e+00 3.236655259897064752e+03 5.000000000000000278e-02
3.800000000000000044e-01 1.360000000000000098e+00 2.350247068006426161e+03 5.000000000000000278e-02
5.420000000000000373e-01 3.160000000000000142e+00 3.058798170112334446e+03 5.000000000000000278e-02
8.239999999999999547e-01 1.760000000000000009e+00 6.867926878785702684e+03 5.000000000000000278e-02
3.719999999999999973e-01 2.029999999999999805e+00 1.982224165100320306e+03 5.000000000000000278e-02
4.259999999999999898e-01 1.159999999999999920e+00 2.865438614606019655e+03 5.000000000000000278e-02
4.839999999999999858e-01 2.479999999999999982e+00 2.452333337612641117e+03 5.000000000000000278e-02
3.240000000000000102e-01 1.600000000000000089e+00 1.628257141612757323e+03 5.000000000000000278e-02
6.740000000000000435e-01 2.779999999999999805e+00 3.890201005608182641e+03 5.000000000000000278e-02
7.279999999999999805e-01 3.189999999999999947e+00 4.284897026804677807e+03 5.000000000000000278e-02
4.079999999999999738e-01 1.629999999999999893e+00 2.494229996118283907e+03 5.000000000000000278e-02
4.759999999999999787e-01 1.530000000000000027e+00 2.897994756906235125e+03 5.000000000000000278e-02
3.200000000000000067e-01 2.759999999999999787e+00 1.570880321894715280e+03 5.000000000000000278e-02
2.660000000000000142e-01 3.479999999999999982e+00 1.332442355519149942e+03 5.000000000000000278e-02
4.879999999999999893e-01 2.120000000000000107e+00 2.524116962632441755e+03 5.000000000000000278e-02
2.959999999999999853e-01 2.439999999999999947e+00 1.572226374106272260e+03 5.000000000000000278e-02
6.979999999999999538e-01 1.320000000000000062e+00 6.133085066237831597e+03 5.000000000000000278e-02
6.260000000000000009e-01 3.270000000000000018e+00 3.590576622439954008e+03 5.000000000000000278e-02
2.660000000000000142e-01 2.310000000000000053e+00 1.384520059254574562e+03 5.000000000000000278e-02
4.600000000000000200e-01 2.450000000000000178e+00 2.639007082113115757e+03 5.000000000000000278e-02
6.919999999999999485e-01 2.819999999999999840e+00 4.107664330245283963e+03 5.000000000000000278e-02
4.400000000000000022e-01 2.250000000000000000e+00 2.498859072179472150e+03 5.000000000000000278e-02
7.139999999999999680e-01 1.830000000000000071e+00 5.207163912673880077e+03 5.000000000000000278e-02
7.680000000000000160e-01 2.160000000000000142e+00 5.243761338405837705e+03 5.000000000000000278e-02
6.440000000000000169e-01 2.229999999999999982e+00 3.856011117914575152e+03 5.000000000000000278e-02
5.120000000000000107e-01 1.860000000000000098e+00 3.045520109300713102e+03 5.000000000000000278e-02
4.319999999999999951e-01 1.969999999999999973e+00 2.302585544857829973e+03 5.000000000000000278e-02
5.020000000000000018e-01 4.000000000000000000e+00 2.573388166419300433e+03 5.000000000000000278e-02
4.520000000000000129e-01 2.049999999999999822e+00 2.369605215334616787e+03 5.000000000000000278e-02
4.480000000000000093e-01 9.200000000000000400e-01 3.342782153760070287e+03 5.000000000000000278e-02
4.400000000000000022e-01 1.820000000000000062e+00 2.568128599633117574e+03 5.000000000000000278e-02
5.999999999999999778e-01 1.590000000000000080e+00 4.154867524230648087e+03 5.000000000000000278e-02
5.839999999999999636e-01 1.709999999999999964e+00 4.008604665821556409e+03 5.000000000000000278e-02
4.440000000000000058e-01 2.410000000000000142e+00 2.565716340032328389e+03 5.000000000000000278e-02
8.279999999999999583e-01 3.439999999999999947e+00 4.673124024589741566e+03 5.000000000000000278e-02
3.639999999999999902e-01 1.439999999999999947e+00 2.057187927363251674e+03 5.000000000000000278e-02
4.879999999999999893e-01 2.259999999999999787e+00 2.574226618825576224e+03 5.000000000000000278e-02
1.519999999999999962e-01 2.250000000000000000e+00 6.851078906958945254e+02 5.000000000000000278e-02
6.939999999999999503e-01 3.089999999999999858e+00 4.091636142442928303e+03 5.000000000000000278e-02
1.680000000000000104e-01 1.639999999999999902e+00 7.380934406794856386e+02 5.000000000000000278e-02
4.460000000000000075e-01 3.470000000000000195e+00 2.196530495872567371e+03 5.000000000000000278e-02
7.580000000000000071e-01 1.459999999999999964e+00 7.045247465253577502e+03 5.000000000000000278e-02
1.559999999999999998e-01 1.050000000000000044e+00 7.388646478159662365e+02 5.000000000000000278e-02
2.700000000000000178e-01 1.870000000000000107e+00 1.315558193981711383e+03 5.000000000000000278e-02
2.939999999999999836e-01 1.520000000000000018e+00 1.550878181453938168e+03 5.000000000000000278e-02
8.279999999999999583e-01 2.259999999999999787e+00 5.600999100636942785e+03 5.000000000000000278e-02
5.060000000000000053e-01 3.299999999999999822e+00 2.782705999653606796e+03 5.000000000000000278e-02
7.700000000000000178e-01 2.020000000000000018e+00 4.934444086852781766e+03 5.000000000000000278e-02
4.919999999999999929e-01 1.719999999999999973e+00 2.715944165747438547e+03 5.000000000000000278e-02
5.360000000000000320e-01 2.470000000000000195e+00 3.074638143196813417e+03 5.000000000000000278e-02
3.240000000000000102e-01 1.179999999999999938e+00 1.915470200451816254e+03 5.000000000000000278e-02
1.559999999999999998e-01 1.719999999999999973e+00 7.368153665010987652e+02 5.000000000000000278e-02
5.420000000000000373e-01 1.659999999999999920e+00 3.194341553092540380e+03 5.000000000000000278e-02
5.140000000000000124e-01 2.129999999999999893e+00 3.172308082989390186e+03 5.000000000000000278e-02
3.559999999999999831e-01 3.520000000000000018e+00 1.685363557501566447e+03 5.000000000000000278e-02
3.059999999999999942e-01 1.840000000000000080e+00 1.671030035330263672e+03 5.000000000000000278e-02
4.640000000000000235e-01 1.649999999999999911e+00 2.797466370328015273e+03 5.000000000000000278e-02
5.220000000000000195e-01 1.729999999999999982e+00 3.529325250585354297e+03 5.000000000000000278e-02
3.220000000000000084e-01 2.109999999999999876e+00 1.531039857848448264e+03 5.000000000000000278e-02
5.779999999999999583e-01 2.060000000000000053e+00 3.426418989993556352e+03 5.000000000000000278e-02
6.460000000000000187e-01 2.750000000000000000e+00 3.938832223633653030e+03 5.000000000000000278e-02
2.899999999999999800e-01 1.530000000000000027e+00 1.542720178962743830e+03 5.000000000000000278e-02
1.559999999999999998e-01 1.179999999999999938e+00 8.146344421423739277e+02 5.000000000000000278e-02
5.739999999999999547e-01 2.490000000000000213e+00 3.280226208604010026e+03 5.000000000000000278e-02
4.299999999999999933e-01 1.270000000000000018e+00 2.768903083539800718e+03 5.000000000000000278e-02
4.660000000000000253e-01 3.109999999999999876e+00 2.464455845922705521e+03 5.000000000000000278e-02
4.640000000000000235e-01 1.370000000000000107e+00 2.885254654156322886e+03 5.000000000000000278e-02
4.580000000000000182e-01 1.620000000000000107e+00 2.904729896739655942e+03 5.000000000000000278e-02
2.620000000000000107e-01 1.879999999999999893e+00 1.199451669838938415e+03 5.000000000000000278e-02
5.879999999999999671e-01 1.229999999999999982e+00 5.051172098180798457e+03 5.000000000000000278e-02
3.300000000000000155e-01 1.610000000000000098e+00 1.778696070481599918e+03 5.000000000000000278e-02
2.000000000000000111e-01 2.669999999999999929e+00 9.267817266109781258e+02 5.000000000000000278e-02
3.019999999999999907e-01 2.270000000000000018e+00 1.561538670789544540e+03 5.000000000000000278e-02
8.120000000000000551e-01 3.370000000000000107e+00 4.755786698007141240e+03 5.000000000000000278e-02
6.179999999999999938e-01 9.899999999999999911e-01 6.885433983137379073e+03 5.000000000000000278e-02
4.299999999999999933e-01 1.520000000000000018e+00 2.428498487885854047e+03 5.000000000000000278e-02
4.000000000000000222e-01 1.810000000000000053e+00 1.987208704516261150e+03 5.000000000000000278e-02
5.719999999999999529e-01 2.830000000000000071e+00 3.229133680809032739e+03 5.000000000000000278e-02
9.100000000000000311e-01 3.459999999999999964e+00 5.173147495954020997e+03 5.000000000000000278e-02
4.239999999999999880e-01 2.430000000000000160e+00 2.102606446209970727e+03 5.000000000000000278e-02
5.759999999999999565e-01 3.129999999999999893e+00 2.942087466926223897e+03 5.000000000000000278e-02
6.139999999999999902e-01 2.580000000000000071e+00 3.578323425425426194e+03 5.000000000000000278e-02
6.480000000000000204e-01 1.340000000000000080e+00 5.460160499744833942e+03 5.000000000000000278e-02
2.999999999999999889e-01 1.250000000000000000e+00 1.826634292819248003e+03 5.000000000000000278e-02
3.639999999999999902e-01 1.689999999999999947e+00 2.098177591593286706e+03 5.000000000000000278e-02
7.039999999999999591e-01 1.959999999999999964e+00 4.605196723274551005e+03 5.000000000000000278e-02
9.600000000000000200e-02 3.080000000000000071e+00 4.239419000552214243e+02 5.000000000000000278e-02
7.820000000000000284e-01 1.669999999999999929e+00 6.017176987832808663e+03 5.000000000000000278e-02
7.219999999999999751e-01 2.319999999999999840e+00 4.683281571158725455e+03 5.000000000000000278e-02
8.179999999999999494e-01 2.470000000000000195e+00 5.402904954115842884e+03 5.000000000000000278e-02
7.359999999999999876e-01 1.689999999999999947e+00 5.304457619643987528e+03 5.000000000000000278e-02
4.939999999999999947e-01 2.129999999999999893e+00 2.738143452897015322e+03 5.000000000000000278e-02
1.580000000000000016e-01 1.330000000000000071e+00 7.619094239776751465e+02 5.000000000000000278e-02
2.079999999999999905e-01 1.179999999999999938e+00 1.094421018163712233e+03 5.000000000000000278e-02
1.400000000000000133e-01 2.109999999999999876e+00 6.957644667066696229e+02 5.000000000000000278e-02
7.039999999999999591e-01 1.739999999999999991e+00 5.120682937148060773e+03 5.000000000000000278e-02
5.979999999999999760e-01 2.520000000000000018e+00 3.200898948054148150e+03 5.000000000000000278e-02
5.500000000000000444e-01 2.609999999999999876e+00 3.174500578342644530e+03 5.000000000000000278e-02
3.320000000000000173e-01 1.090000000000000080e+00 1.884610687128986683e+03 5.000000000000000278e-02
4.139999999999999791e-01 2.790000000000000036e+00 2.246338430817521385e+03 5.000000000000000278e-02
4.759999999999999787e-01 1.290000000000000036e+00 3.227252527074228965e+03 5.000000000000000278e-02
5.460000000000000409e-01 2.410000000000000142e+00 3.079318765930921472e+03 5.000000000000000278e-02
2.839999999999999747e-01 3.000000000000000000e+00 1.326161052857017694e+03 5.000000000000000278e-02
5.520000000000000462e-01 1.399999999999999911e+00 3.791392399195513917e+03 5.000000000000000278e-02
6.999999999999999556e-01 2.759999999999999787e+00 4.571256197994460308e+03 5.000000000000000278e-02
8.799999999999999489e-02 1.909999999999999920e+00 3.854995594198805975e+02 5.000000000000000278e-02
1.980000000000000093e-01 2.109999999999999876e+00 1.001608959472574838e+03 5.000000000000000278e-02
3.880000000000000115e-01 1.830000000000000071e+00 2.127601984590821758e+03 5.000000000000000278e-02
3.360000000000000209e-01 2.399999999999999911e+00 1.600746460320477354e+03 5.000000000000000278e-02
3.439999999999999725e-01 1.580000000000000071e+00 2.041655329677160353e+03 5.000000000000000278e-02
6.340000000000000080e-01 2.140000000000000124e+00 3.774721116360402903e+03 5.000000000000000278e-02
2.020000000000000129e-01 1.020000000000000018e+00 1.026940753672000255e+03 5.000000000000000278e-02
4.819999999999999840e-01 2.209999999999999964e+00 2.740876700768338651e+03 5.000000000000000278e-02
5.620000000000000551e-01 9.599999999999999645e-01 5.626546502559791406e+03 5.000000000000000278e-02
4.020000000000000240e-01 1.500000000000000000e+00 2.561404006217696406e+03 5.000000000000000278e-02
5.240000000000000213e-01 3.049999999999999822e+00 2.923442529628556713e+03 5.000000000000000278e-02
3.140000000000000013e-01 1.169999999999999929e+00 1.946360116244210531e+03 5.000000000000000278e-02
3.439999999999999725e-01 1.850000000000000089e+00 1.900538470448367207e+03 5.000000000000000278e-02
4.359999999999999987e-01 1.899999999999999911e+00 2.353546240008606219e+03 5.000000000000000278e-02
8.379999999999999671e-01 2.620000000000000107e+00 5.243732778328564564e+03 5.000000000000000278e-02
3.880000000000000115e-01 9.799999999999999822e-01 2.840362435841191200e+03 5.000000000000000278e-02
5.140000000000000124e-01 2.149999999999999911e+00 2.871912851992941796e+03 5.000000000000000278e-02
3.280000000000000138e-01 1.179999999999999938e+00 2.090446558744328286e+03 5.000000000000000278e-02
1.479999999999999927e-01 1.169999999999999929e+00 7.210712252886219176e+02 5.000000000000000278e-02
6.320000000000000062e-01 2.080000000000000071e+00 3.748015942851193358e+03 5.000000000000000278e-02
2.119999999999999940e-01 3.620000000000000107e+00 9.418876599852558229e+02 5.000000000000000278e-02
8.319999999999999618e-01 1.659999999999999920e+00 7.456015313069359763e+03 5.000000000000000278e-02
6.280000000000000027e-01 1.560000000000000053e+00 4.553950806451278368e+03 5.000000000000000278e-02
7.459999999999999964e-01 3.689999999999999947e+00 3.964210977504598759e+03 5.000000000000000278e-02
4.799999999999999822e-01 1.949999999999999956e+00 2.766246137328634632e+03 5.000000000000000278e-02
2.039999999999999869e-01 1.429999999999999938e+00 1.005899495502096556e+03 5.000000000000000278e-02
3.719999999999999973e-01 1.699999999999999956e+00 1.946209467981584112e+03 5.000000000000000278e-02
4.420000000000000040e-01 2.740000000000000213e+00 2.428023189051471491e+03 5.000000000000000278e-02
2.300000000000000100e-01 2.140000000000000124e+00 1.088292453570388716e+03 5.000000000000000278e-02
4.480000000000000093e-01 2.209999999999999964e+00 2.459836956604543957e+03 5.000000000000000278e-02
7.479999999999999982e-01 1.500000000000000000e+00 6.810603934165784267e+03 5.000000000000000278e-02
8.299999999999999600e-01 1.239999999999999991e+00 1.156200321798341429e+04 5.000000000000000278e-02
4.680000000000000271e-01 2.390000000000000124e+00 2.453362213528401298e+03 5.000000000000000278e-02
5.100000000000000089e-01 1.379999999999999893e+00 3.366165163749951716e+03 5.000000000000000278e-02
8.200000000000000344e-02 1.870000000000000107e+00 3.432180053194483662e+02 5.000000000000000278e-02
2.459999999999999964e-01 1.679999999999999938e+00 1.359373696134740385e+03 5.000000000000000278e-02
2.600000000000000089e-01 1.520000000000000018e+00 1.320529465193105807e+03 5.000000000000000278e-02
6.300000000000000044e-01 2.439999999999999947e+00 3.590367093019018739e+03 5.000000000000000278e-02
7.139999999999999680e-01 2.020000000000000018e+00 4.751763666627431121e+03 5.000000000000000278e-02
4.520000000000000129e-01 1.979999999999999982e+00 2.422509608911948362e+03 5.000000000000000278e-02
5.180000000000000160e-01 2.879999999999999893e+00 2.507574215261470727e+03 5.000000000000000278e-02
1.859999999999999987e-01 2.899999999999999911e+00 9.092566239493822877e+02 5.000000000000000278e-02
5.120000000000000107e-01 2.729999999999999982e+00 2.885089217988943801e+03 5.000000000000000278e-02
1.499999999999999944e-01 1.949999999999999956e+00 7.315488966214124957e+02 5.000000000000000278e-02
3.800000000000000044e-01 1.600000000000000089e+00 2.154045748411299883e+03 5.000000000000000278e-02
4.000000000000000222e-01 1.510000000000000009e+00 2.267433624820533623e+03 5.000000000000000278e-02
4.179999999999999827e-01 1.939999999999999947e+00 2.347086798373354213e+03 5.000000000000000278e-02
4.540000000000000147e-01 1.530000000000000027e+00 2.770050690957850748e+03 5.000000000000000278e-02
5.100000000000000089e-01 1.800000000000000044e+00 3.231769365146231848e+03 5.000000000000000278e-02
6.600000000000000311e-01 1.500000000000000000e+00 5.135556693510839978e+03 5.000000000000000278e-02
7.039999999999999591e-01 3.029999999999999805e+00 4.095720181247533219e+03 5.000000000000000278e-02
6.340000000000000080e-01 2.459999999999999964e+00 4.093993056778560913e+03 5.000000000000000278e-02
4.520000000000000129e-01 2.529999999999999805e+00 2.294384417885047696e+03 5.000000000000000278e-02
6.879999999999999449e-01 2.459999999999999964e+00 4.193877432449030493e+03 5.000000000000000278e-02
3.280000000000000138e-01 2.680000000000000160e+00 1.711533196849407204e+03 5.000000000000000278e-02
5.879999999999999671e-01 2.890000000000000124e+00 3.349462425823321610e+03 5.000000000000000278e-02
6.620000000000000329e-01 1.879999999999999893e+00 4.237252449505213917e+03 5.000000000000000278e-02
4.460000000000000075e-01 1.560000000000000053e+00 2.710536266079842335e+03 5.000000000000000278e-02
5.140000000000000124e-01 2.549999999999999822e+00 2.634010902994336448e+03 5.000000000000000278e-02
3.920000000000000151e-01 1.550000000000000044e+00 2.297396529284517328e+03 5.000000000000000278e-02
3.340000000000000191e-01 1.500000000000000000e+00 1.738475744965358217e+03 5.000000000000000278e-02
6.239999999999999991e-01 2.290000000000000036e+00 3.452708849365915739e+03 5.000000000000000278e-02
3.160000000000000031e-01 1.510000000000000009e+00 1.823227988884426850e+03 5.000000000000000278e-02
5.340000000000000302e-01 2.759999999999999787e+00 2.723769204154635645e+03 5.000000000000000278e-02
2.720000000000000195e-01 1.020000000000000018e+00 1.457336729854543819e+03 5.000000000000000278e-02
3.840000000000000080e-01 1.570000000000000062e+00 2.406102935775139031e+03 5.000000000000000278e-02
4.560000000000000164e-01 2.020000000000000018e+00 2.344048912071523773e+03 5.000000000000000278e-02
4.620000000000000218e-01 2.189999999999999947e+00 2.699411557882895977e+03 5.000000000000000278e-02
2.999999999999999889e-01 1.510000000000000009e+00 1.609503368405134779e+03 5.000000000000000278e-02
4.219999999999999862e-01 2.520000000000000018e+00 2.048414127942927280e+03 5.000000000000000278e-02
5.300000000000000266e-01 1.469999999999999973e+00 3.656882480576764920e+03 5.000000000000000278e-02
6.800000000000000488e-01 1.590000000000000080e+00 4.917840319873782391e+03 5.000000000000000278e-02
7.560000000000000053e-01 3.000000000000000000e+00 4.479724560188303258e+03 5.000000000000000278e-02
6.480000000000000204e-01 2.290000000000000036e+00 3.745210897878866945e+03 5.000000000000000278e-02
6.520000000000000240e-01 1.550000000000000044e+00 5.188704013816817678e+03 5.000000000000000278e-02
6.780000000000000471e-01 2.350000000000000089e+00 4.266446080223509853e+03 5.000000000000000278e-02
3.960000000000000187e-01 1.080000000000000071e+00 2.804743689723529315e+03 5.000000000000000278e-02
3.840000000000000080e-01 2.950000000000000178e+00 1.957114588778548523e+03 5.000000000000000278e-02
3.240000000000000102e-01 2.279999999999999805e+00 1.489272161908454336e+03 5.000000000000000278e-02
4.500000000000000111e-01 3.379999999999999893e+00 2.312813987935767727e+03 5.000000000000000278e-02
4.219999999999999862e-01 1.600000000000000089e+00 2.438306043137550660e+03 5.000000000000000278e-02
2.740000000000000213e-01 2.270000000000000018e+00 1.327162092964229032e+03 5.000000000000000278e-02
