4.600000000000000200e-01 2.370000000000000107e+00
7.399999999999999911e-01 2.020000000000000018e+00
6.059999999999999831e-01 2.229999999999999982e+00
4.919999999999999929e-01 1.340000000000000080e+00
3.900000000000000133e-01 2.609999999999999876e+00
5.500000000000000444e-01 1.330000000000000071e+00
6.219999999999999973e-01 1.530000000000000027e+00
1.819999999999999951e-01 1.909999999999999920e+00
3.800000000000000044e-01 2.810000000000000053e+00
6.119999999999999885e-01 2.899999999999999911e+00
3.140000000000000013e-01 9.200000000000000400e-01
4.819999999999999840e-01 8.599999999999999867e-01
7.099999999999999645e-01 1.379999999999999893e+00
5.500000000000000444e-01 4.519999999999999574e+00
4.259999999999999898e-01 1.120000000000000107e+00
3.719999999999999973e-01 1.350000000000000089e+00
1.700000000000000122e-01 2.720000000000000195e+00
3.900000000000000133e-01 1.409999999999999920e+00
8.880000000000000115e-01 1.600000000000000089e+00
4.859999999999999876e-01 1.889999999999999902e+00
2.939999999999999836e-01 2.560000000000000053e+00
3.739999999999999991e-01 1.209999999999999964e+00
6.260000000000000009e-01 2.950000000000000178e+00
6.840000000000000524e-01 1.090000000000000080e+00
4.400000000000000022e-01 2.089999999999999858e+00
4.119999999999999774e-01 2.810000000000000053e+00
3.840000000000000080e-01 2.250000000000000000e+00
7.379999999999999893e-01 2.790000000000000036e+00
2.340000000000000135e-01 3.100000000000000089e+00
5.260000000000000231e-01 2.600000000000000089e+00
6.219999999999999973e-01 1.860000000000000098e+00
5.759999999999999565e-01 1.810000000000000053e+00
3.820000000000000062e-01 1.139999999999999902e+00
5.639999999999999458e-01 1.760000000000000009e+00
3.019999999999999907e-01 1.310000000000000053e+00
2.959999999999999853e-01 1.429999999999999938e+00
4.839999999999999858e-01 2.089999999999999858e+00
6.500000000000000222e-01 1.919999999999999929e+00
4.939999999999999947e-01 1.489999999999999991e+00
3.940000000000000169e-01 1.179999999999999938e+00
7.540000000000000036e-01 1.600000000000000089e+00
4.420000000000000040e-01 6.800000000000000488e-01
5.240000000000000213e-01 4.660000000000000142e+00
5.919999999999999707e-01 3.020000000000000018e+00
5.020000000000000018e-01 1.409999999999999920e+00
4.159999999999999809e-01 2.390000000000000124e+00
2.959999999999999853e-01 2.359999999999999876e+00
5.540000000000000480e-01 1.340000000000000080e+00
4.680000000000000271e-01 2.339999999999999858e+00
6.680000000000000382e-01 1.770000000000000018e+00
3.400000000000000244e-01 2.200000000000000178e+00
3.619999999999999885e-01 1.899999999999999911e+00
5.000000000000000000e-01 2.890000000000000124e+00
3.039999999999999925e-01 1.760000000000000009e+00
2.220000000000000029e-01 2.100000000000000089e+00
4.919999999999999929e-01 3.009999999999999787e+00
3.619999999999999885e-01 1.280000000000000027e+00
6.720000000000000417e-01 2.359999999999999876e+00
6.199999999999999956e-02 3.299999999999999822e+00
5.540000000000000480e-01 2.310000000000000053e+00
4.359999999999999987e-01 2.939999999999999947e+00
6.099999999999999867e-01 1.899999999999999911e+00
7.279999999999999805e-01 2.479999999999999982e+00
5.600000000000000533e-01 1.840000000000000080e+00
3.079999999999999960e-01 1.770000000000000018e+00
4.139999999999999791e-01 2.140000000000000124e+00
5.420000000000000373e-01 1.879999999999999893e+00
4.580000000000000182e-01 1.449999999999999956e+00
3.019999999999999907e-01 2.000000000000000000e+00
5.580000000000000515e-01 1.800000000000000044e+00
4.759999999999999787e-01 2.879999999999999893e+00
5.600000000000000533e-01 2.660000000000000142e+00
2.640000000000000124e-01 2.370000000000000107e+00
5.600000000000000533e-01 1.320000000000000062e+00
4.739999999999999769e-01 1.510000000000000009e+00
5.819999999999999618e-01 2.680000000000000160e+00
7.219999999999999751e-01 3.620000000000000107e+00
4.919999999999999929e-01 1.439999999999999947e+00
7.500000000000000000e-01 1.580000000000000071e+00
7.740000000000000213e-01 2.759999999999999787e+00
4.400000000000000022e-01 1.639999999999999902e+00
6.919999999999999485e-01 1.370000000000000107e+00
6.600000000000000311e-02 2.180000000000000160e+00
5.220000000000000195e-01 1.399999999999999911e+00
2.320000000000000118e-01 2.229999999999999982e+00
6.999999999999999556e-01 2.200000000000000178e+00
6.099999999999999867e-01 1.790000000000000036e+00
6.340000000000000080e-01 2.279999999999999805e+00
5.240000000000000213e-01 1.199999999999999956e+00
8.200000000000000344e-02 1.979999999999999982e+00
2.819999999999999729e-01 1.270000000000000018e+00
4.560000000000000164e-01 1.760000000000000009e+00
6.919999999999999485e-01 1.780000000000000027e+00
3.820000000000000062e-01 2.459999999999999964e+00
6.979999999999999538e-01 2.979999999999999982e+00
6.780000000000000471e-01 1.469999999999999973e+00
2.680000000000000160e-01 1.620000000000000107e+00
1.980000000000000093e-01 2.700000000000000178e+00
6.800000000000000488e-01 1.550000000000000044e+00
5.380000000000000338e-01 1.350000000000000089e+00
4.580000000000000182e-01 2.649999999999999911e+00
4.939999999999999947e-01 2.399999999999999911e+00
4.580000000000000182e-01 2.490000000000000213e+00
7.860000000000000320e-01 3.649999999999999911e+00
6.620000000000000329e-01 2.589999999999999858e+00
8.679999999999999938e-01 2.509999999999999787e+00
4.000000000000000222e-01 2.890000000000000124e+00
3.140000000000000013e-01 2.850000000000000089e+00
6.219999999999999973e-01 2.790000000000000036e+00
2.600000000000000089e-01 2.379999999999999893e+00
3.900000000000000133e-01 1.030000000000000027e+00
7.520000000000000018e-01 3.879999999999999893e+00
4.199999999999999845e-01 2.220000000000000195e+00
1.859999999999999987e-01 1.389999999999999902e+00
1.479999999999999927e-01 2.189999999999999947e+00
7.439999999999999947e-01 2.009999999999999787e+00
4.739999999999999769e-01 3.509999999999999787e+00
5.979999999999999760e-01 1.959999999999999964e+00
4.259999999999999898e-01 2.600000000000000089e+00
5.540000000000000480e-01 1.969999999999999973e+00
4.660000000000000253e-01 3.000000000000000000e+00
6.199999999999999956e-01 1.790000000000000036e+00
5.000000000000000000e-01 3.430000000000000160e+00
9.899999999999999911e-01 2.459999999999999964e+00
8.739999999999999991e-01 1.510000000000000009e+00
3.679999999999999938e-01 1.979999999999999982e+00
3.400000000000000244e-01 2.759999999999999787e+00
6.039999999999999813e-01 1.340000000000000080e+00
4.680000000000000271e-01 2.520000000000000018e+00
7.720000000000000195e-01 2.040000000000000036e+00
5.240000000000000213e-01 1.560000000000000053e+00
3.099999999999999978e-01 1.540000000000000036e+00
2.099999999999999922e-01 2.850000000000000089e+00
3.260000000000000120e-01 1.139999999999999902e+00
3.800000000000000044e-01 1.229999999999999982e+00
4.400000000000000022e-01 2.859999999999999876e+00
3.300000000000000155e-01 3.040000000000000036e+00
6.219999999999999973e-01 1.530000000000000027e+00
4.859999999999999876e-01 2.939999999999999947e+00
8.179999999999999494e-01 2.799999999999999822e+00
8.259999999999999565e-01 1.699999999999999956e+00
2.399999999999999911e-01 1.479999999999999982e+00
3.880000000000000115e-01 1.250000000000000000e+00
6.260000000000000009e-01 2.799999999999999822e+00
2.600000000000000089e-01 1.479999999999999982e+00
4.759999999999999787e-01 2.850000000000000089e+00
4.199999999999999845e-01 1.409999999999999920e+00
3.679999999999999938e-01 1.530000000000000027e+00
5.520000000000000462e-01 1.060000000000000053e+00
2.500000000000000000e-01 5.120000000000000107e+00
3.579999999999999849e-01 1.489999999999999991e+00
5.580000000000000515e-01 9.499999999999999556e-01
1.360000000000000098e-01 1.010000000000000009e+00
3.300000000000000155e-01 1.459999999999999964e+00
3.619999999999999885e-01 6.899999999999999467e-01
4.739999999999999769e-01 1.979999999999999982e+00
2.800000000000000266e-01 3.520000000000000018e+00
5.360000000000000320e-01 2.870000000000000107e+00
4.219999999999999862e-01 1.379999999999999893e+00
6.139999999999999902e-01 1.229999999999999982e+00
5.100000000000000089e-01 2.620000000000000107e+00
7.239999999999999769e-01 2.169999999999999929e+00
5.759999999999999565e-01 1.479999999999999982e+00
3.559999999999999831e-01 8.399999999999999689e-01
4.739999999999999769e-01 2.700000000000000178e+00
8.800000000000000044e-01 2.390000000000000124e+00
2.540000000000000036e-01 2.660000000000000142e+00
6.400000000000000133e-01 1.870000000000000107e+00
4.380000000000000004e-01 1.580000000000000071e+00
1.700000000000000122e-01 1.139999999999999902e+00
7.339999999999999858e-01 1.280000000000000027e+00
2.240000000000000047e-01 2.089999999999999858e+00
1.300000000000000044e-01 2.080000000000000071e+00
3.760000000000000009e-01 2.390000000000000124e+00
3.559999999999999831e-01 2.870000000000000107e+00
6.199999999999999956e-02 6.300000000000000044e-01
4.779999999999999805e-01 2.069999999999999840e+00
6.780000000000000471e-01 1.479999999999999982e+00
6.700000000000000400e-01 2.950000000000000178e+00
3.800000000000000044e-01 2.750000000000000000e+00
2.099999999999999922e-01 1.939999999999999947e+00
4.580000000000000182e-01 2.640000000000000124e+00
4.079999999999999738e-01 1.530000000000000027e+00
8.020000000000000462e-01 2.149999999999999911e+00
6.300000000000000044e-01 4.179999999999999716e+00
4.420000000000000040e-01 2.009999999999999787e+00
4.739999999999999769e-01 1.360000000000000098e+00
5.899999999999999689e-01 1.979999999999999982e+00
4.859999999999999876e-01 2.040000000000000036e+00
3.760000000000000009e-01 2.120000000000000107e+00
4.359999999999999987e-01 1.760000000000000009e+00
4.779999999999999805e-01 2.580000000000000071e+00
4.899999999999999911e-01 2.319999999999999840e+00
5.140000000000000124e-01 1.919999999999999929e+00
3.079999999999999960e-01 1.409999999999999920e+00
7.299999999999999822e-01 2.930000000000000160e+00
2.500000000000000000e-01 1.780000000000000027e+00
3.780000000000000027e-01 2.240000000000000213e+00
3.519999999999999796e-01 3.410000000000000142e+00
7.620000000000000107e-01 1.459999999999999964e+00
5.600000000000000533e-01 2.950000000000000178e+00
5.300000000000000266e-01 2.129999999999999893e+00
3.900000000000000133e-01 1.399999999999999911e+00
4.020000000000000240e-01 1.419999999999999929e+00
2.839999999999999747e-01 2.669999999999999929e+00
2.580000000000000071e-01 1.429999999999999938e+00
4.380000000000000004e-01 2.689999999999999947e+00
6.139999999999999902e-01 2.729999999999999982e+00
3.840000000000000080e-01 1.649999999999999911e+00
3.760000000000000009e-01 1.750000000000000000e+00
2.399999999999999911e-01 7.700000000000000178e-01
4.139999999999999791e-01 2.200000000000000178e+00
7.019999999999999574e-01 3.100000000000000089e+00
3.360000000000000209e-01 1.729999999999999982e+00
2.999999999999999889e-01 1.550000000000000044e+00
3.639999999999999902e-01 1.199999999999999956e+00
1.900000000000000022e-01 7.299999999999999822e-01
5.999999999999999778e-01 1.560000000000000053e+00
6.899999999999999467e-01 2.240000000000000213e+00
8.399999999999999689e-01 2.359999999999999876e+00
2.439999999999999947e-01 1.550000000000000044e+00
2.159999999999999976e-01 2.660000000000000142e+00
3.180000000000000049e-01 3.259999999999999787e+00
4.580000000000000182e-01 2.580000000000000071e+00
4.440000000000000058e-01 1.790000000000000036e+00
2.399999999999999911e-01 2.950000000000000178e+00
5.500000000000000444e-01 2.270000000000000018e+00
3.559999999999999831e-01 2.520000000000000018e+00
1.880000000000000004e-01 1.540000000000000036e+00
7.419999999999999929e-01 2.330000000000000071e+00
3.340000000000000191e-01 1.530000000000000027e+00
6.139999999999999902e-01 4.089999999999999858e+00
4.939999999999999947e-01 1.979999999999999982e+00
5.440000000000000391e-01 1.989999999999999991e+00
6.019999999999999796e-01 2.149999999999999911e+00
5.120000000000000107e-01 4.410000000000000142e+00
8.499999999999999778e-01 2.879999999999999893e+00
3.119999999999999996e-01 2.169999999999999929e+00
8.060000000000000497e-01 3.450000000000000178e+00
4.339999999999999969e-01 1.929999999999999938e+00
1.580000000000000016e-01 3.300000000000000155e-01
1.680000000000000104e-01 4.899999999999999911e-01
4.199999999999999845e-01 1.389999999999999902e+00
3.659999999999999920e-01 1.239999999999999991e+00
3.559999999999999831e-01 4.330000000000000071e+00
2.839999999999999747e-01 1.419999999999999929e+00
7.840000000000000302e-01 1.939999999999999947e+00
9.739999999999999769e-01 1.820000000000000062e+00
6.939999999999999503e-01 2.240000000000000213e+00
2.899999999999999800e-01 1.510000000000000009e+00
5.060000000000000053e-01 2.870000000000000107e+00
5.520000000000000462e-01 2.589999999999999858e+00
5.999999999999999778e-01 1.489999999999999991e+00
4.020000000000000240e-01 1.820000000000000062e+00
5.160000000000000142e-01 8.399999999999999689e-01
4.460000000000000075e-01 2.700000000000000178e+00
7.099999999999999645e-01 1.300000000000000044e+00
7.600000000000000089e-01 1.610000000000000098e+00
4.339999999999999969e-01 1.199999999999999956e+00
4.099999999999999756e-01 1.280000000000000027e+00
5.260000000000000231e-01 2.109999999999999876e+00
2.139999999999999958e-01 1.989999999999999991e+00
6.179999999999999938e-01 1.669999999999999929e+00
5.620000000000000551e-01 1.169999999999999929e+00
3.599999999999999867e-01 2.009999999999999787e+00
8.239999999999999547e-01 1.429999999999999938e+00
7.799999999999999989e-02 1.889999999999999902e+00
4.400000000000000022e-01 1.659999999999999920e+00
4.739999999999999769e-01 2.430000000000000160e+00
5.659999999999999476e-01 1.239999999999999991e+00
5.240000000000000213e-01 2.939999999999999947e+00
5.919999999999999707e-01 2.620000000000000107e+00
3.519999999999999796e-01 1.020000000000000018e+00
1.439999999999999891e-01 1.669999999999999929e+00
7.219999999999999751e-01 3.330000000000000071e+00
7.039999999999999591e-01 2.049999999999999822e+00
6.540000000000000258e-01 2.189999999999999947e+00
5.719999999999999529e-01 2.430000000000000160e+00
5.420000000000000373e-01 3.930000000000000160e+00
5.939999999999999725e-01 3.080000000000000071e+00
3.800000000000000044e-01 1.360000000000000098e+00
5.420000000000000373e-01 3.160000000000000142e+00
8.239999999999999547e-01 1.760000000000000009e+00
3.719999999999999973e-01 2.029999999999999805e+00
4.259999999999999898e-01 1.159999999999999920e+00
4.839999999999999858e-01 2.479999999999999982e+00
3.240000000000000102e-01 1.600000000000000089e+00
6.740000000000000435e-01 2.779999999999999805e+00
7.279999999999999805e-01 3.189999999999999947e+00
4.079999999999999738e-01 1.629999999999999893e+00
4.759999999999999787e-01 1.530000000000000027e+00
3.200000000000000067e-01 2.759999999999999787e+00
2.660000000000000142e-01 3.479999999999999982e+00
4.879999999999999893e-01 2.120000000000000107e+00
2.959999999999999853e-01 2.439999999999999947e+00
6.979999999999999538e-01 1.320000000000000062e+00
6.260000000000000009e-01 3.270000000000000018e+00
2.660000000000000142e-01 2.310000000000000053e+00
4.600000000000000200e-01 2.450000000000000178e+00
6.919999999999999485e-01 2.819999999999999840e+00
4.400000000000000022e-01 2.250000000000000000e+00
7.139999999999999680e-01 1.830000000000000071e+00
7.680000000000000160e-01 2.160000000000000142e+00
6.440000000000000169e-01 2.229999999999999982e+00
5.120000000000000107e-01 1.860000000000000098e+00
4.319999999999999951e-01 1.969999999999999973e+00
5.020000000000000018e-01 4.000000000000000000e+00
4.520000000000000129e-01 2.049999999999999822e+00
4.480000000000000093e-01 9.200000000000000400e-01
4.400000000000000022e-01 1.820000000000000062e+00
5.999999999999999778e-01 1.590000000000000080e+00
5.839999999999999636e-01 1.709999999999999964e+00
4.440000000000000058e-01 2.410000000000000142e+00
8.279999999999999583e-01 3.439999999999999947e+00
3.639999999999999902e-01 1.439999999999999947e+00
4.879999999999999893e-01 2.259999999999999787e+00
1.519999999999999962e-01 2.250000000000000000e+00
6.939999999999999503e-01 3.089999999999999858e+00
1.680000000000000104e-01 1.639999999999999902e+00
4.460000000000000075e-01 3.470000000000000195e+00
7.580000000000000071e-01 1.459999999999999964e+00
1.559999999999999998e-01 1.050000000000000044e+00
2.700000000000000178e-01 1.870000000000000107e+00
2.939999999999999836e-01 1.520000000000000018e+00
8.279999999999999583e-01 2.259999999999999787e+00
5.060000000000000053e-01 3.299999999999999822e+00
7.700000000000000178e-01 2.020000000000000018e+00
4.919999999999999929e-01 1.719999999999999973e+00
5.360000000000000320e-01 2.470000000000000195e+00
3.240000000000000102e-01 1.179999999999999938e+00
1.559999999999999998e-01 1.719999999999999973e+00
5.420000000000000373e-01 1.659999999999999920e+00
5.140000000000000124e-01 2.129999999999999893e+00
3.559999999999999831e-01 3.520000000000000018e+00
3.059999999999999942e-01 1.840000000000000080e+00
4.640000000000000235e-01 1.649999999999999911e+00
5.220000000000000195e-01 1.729999999999999982e+00
3.220000000000000084e-01 2.109999999999999876e+00
5.779999999999999583e-01 2.060000000000000053e+00
6.460000000000000187e-01 2.750000000000000000e+00
2.899999999999999800e-01 1.530000000000000027e+00
1.559999999999999998e-01 1.179999999999999938e+00
5.739999999999999547e-01 2.490000000000000213e+00
4.299999999999999933e-01 1.270000000000000018e+00
4.660000000000000253e-01 3.109999999999999876e+00
4.640000000000000235e-01 1.370000000000000107e+00
4.580000000000000182e-01 1.620000000000000107e+00
2.620000000000000107e-01 1.879999999999999893e+00
5.879999999999999671e-01 1.229999999999999982e+00
3.300000000000000155e-01 1.610000000000000098e+00
2.000000000000000111e-01 2.669999999999999929e+00
3.019999999999999907e-01 2.270000000000000018e+00
8.120000000000000551e-01 3.370000000000000107e+00
6.179999999999999938e-01 9.899999999999999911e-01
4.299999999999999933e-01 1.520000000000000018e+00
4.000000000000000222e-01 1.810000000000000053e+00
5.719999999999999529e-01 2.830000000000000071e+00
9.100000000000000311e-01 3.459999999999999964e+00
4.239999999999999880e-01 2.430000000000000160e+00
5.759999999999999565e-01 3.129999999999999893e+00
6.139999999999999902e-01 2.580000000000000071e+00
6.480000000000000204e-01 1.340000000000000080e+00
2.999999999999999889e-01 1.250000000000000000e+00
3.639999999999999902e-01 1.689999999999999947e+00
7.039999999999999591e-01 1.959999999999999964e+00
9.600000000000000200e-02 3.080000000000000071e+00
7.820000000000000284e-01 1.669999999999999929e+00
7.219999999999999751e-01 2.319999999999999840e+00
8.179999999999999494e-01 2.470000000000000195e+00
7.359999999999999876e-01 1.689999999999999947e+00
4.939999999999999947e-01 2.129999999999999893e+00
1.580000000000000016e-01 1.330000000000000071e+00
2.079999999999999905e-01 1.179999999999999938e+00
1.400000000000000133e-01 2.109999999999999876e+00
7.039999999999999591e-01 1.739999999999999991e+00
5.979999999999999760e-01 2.520000000000000018e+00
5.500000000000000444e-01 2.609999999999999876e+00
3.320000000000000173e-01 1.090000000000000080e+00
4.139999999999999791e-01 2.790000000000000036e+00
4.759999999999999787e-01 1.290000000000000036e+00
5.460000000000000409e-01 2.410000000000000142e+00
2.839999999999999747e-01 3.000000000000000000e+00
5.520000000000000462e-01 1.399999999999999911e+00
6.999999999999999556e-01 2.759999999999999787e+00
8.799999999999999489e-02 1.909999999999999920e+00
1.980000000000000093e-01 2.109999999999999876e+00
3.880000000000000115e-01 1.830000000000000071e+00
3.360000000000000209e-01 2.399999999999999911e+00
3.439999999999999725e-01 1.580000000000000071e+00
6.340000000000000080e-01 2.140000000000000124e+00
2.020000000000000129e-01 1.020000000000000018e+00
4.819999999999999840e-01 2.209999999999999964e+00
5.620000000000000551e-01 9.599999999999999645e-01
4.020000000000000240e-01 1.500000000000000000e+00
5.240000000000000213e-01 3.049999999999999822e+00
3.140000000000000013e-01 1.169999999999999929e+00
3.439999999999999725e-01 1.850000000000000089e+00
4.359999999999999987e-01 1.899999999999999911e+00
8.379999999999999671e-01 2.620000000000000107e+00
3.880000000000000115e-01 9.799999999999999822e-01
5.140000000000000124e-01 2.149999999999999911e+00
3.280000000000000138e-01 1.179999999999999938e+00
1.479999999999999927e-01 1.169999999999999929e+00
6.320000000000000062e-01 2.080000000000000071e+00
2.119999999999999940e-01 3.620000000000000107e+00
8.319999999999999618e-01 1.659999999999999920e+00
6.280000000000000027e-01 1.560000000000000053e+00
7.459999999999999964e-01 3.689999999999999947e+00
4.799999999999999822e-01 1.949999999999999956e+00
2.039999999999999869e-01 1.429999999999999938e+00
3.719999999999999973e-01 1.699999999999999956e+00
4.420000000000000040e-01 2.740000000000000213e+00
2.300000000000000100e-01 2.140000000000000124e+00
4.480000000000000093e-01 2.209999999999999964e+00
7.479999999999999982e-01 1.500000000000000000e+00
8.299999999999999600e-01 1.239999999999999991e+00
4.680000000000000271e-01 2.390000000000000124e+00
5.100000000000000089e-01 1.379999999999999893e+00
8.200000000000000344e-02 1.870000000000000107e+00
2.459999999999999964e-01 1.679999999999999938e+00
2.600000000000000089e-01 1.520000000000000018e+00
6.300000000000000044e-01 2.439999999999999947e+00
7.139999999999999680e-01 2.020000000000000018e+00
4.520000000000000129e-01 1.979999999999999982e+00
5.180000000000000160e-01 2.879999999999999893e+00
1.859999999999999987e-01 2.899999999999999911e+00
5.120000000000000107e-01 2.729999999999999982e+00
1.499999999999999944e-01 1.949999999999999956e+00
3.800000000000000044e-01 1.600000000000000089e+00
4.000000000000000222e-01 1.510000000000000009e+00
4.179999999999999827e-01 1.939999999999999947e+00
4.540000000000000147e-01 1.530000000000000027e+00
5.100000000000000089e-01 1.800000000000000044e+00
6.600000000000000311e-01 1.500000000000000000e+00
7.039999999999999591e-01 3.029999999999999805e+00
6.340000000000000080e-01 2.459999999999999964e+00
4.520000000000000129e-01 2.529999999999999805e+00
6.879999999999999449e-01 2.459999999999999964e+00
3.280000000000000138e-01 2.680000000000000160e+00
5.879999999999999671e-01 2.890000000000000124e+00
6.620000000000000329e-01 1.879999999999999893e+00
4.460000000000000075e-01 1.560000000000000053e+00
5.140000000000000124e-01 2.549999999999999822e+00
3.920000000000000151e-01 1.550000000000000044e+00
3.340000000000000191e-01 1.500000000000000000e+00
6.239999999999999991e-01 2.290000000000000036e+00
3.160000000000000031e-01 1.510000000000000009e+00
5.340000000000000302e-01 2.759999999999999787e+00
2.720000000000000195e-01 1.020000000000000018e+00
3.840000000000000080e-01 1.570000000000000062e+00
4.560000000000000164e-01 2.020000000000000018e+00
4.620000000000000218e-01 2.189999999999999947e+00
2.999999999999999889e-01 1.510000000000000009e+00
4.219999999999999862e-01 2.520000000000000018e+00
5.300000000000000266e-01 1.469999999999999973e+00
6.800000000000000488e-01 1.590000000000000080e+00
7.560000000000000053e-01 3.000000000000000000e+00
6.480000000000000204e-01 2.290000000000000036e+00
6.520000000000000240e-01 1.550000000000000044e+00
6.780000000000000471e-01 2.350000000000000089e+00
3.960000000000000187e-01 1.080000000000000071e+00
3.840000000000000080e-01 2.950000000000000178e+00
3.240000000000000102e-01 2.279999999999999805e+00
4.500000000000000111e-01 3.379999999999999893e+00
4.219999999999999862e-01 1.600000000000000089e+00
2.740000000000000213e-01 2.270000000000000018e+00
