SL2SJ020833-071414	2011 Nov 29	LRIS	1.0	1.62	1.0	900	0.428	 ... 	295 +or- 27	17	150	
SL2SJ021206-075528	2011 Jan 28	LRIS	0.7	1.62	0.6	2700	0.460	 ... 	257 +or- 25	28	120	
SL2SJ021247-055552	2010 Oct 8	XSHOOTER	0.9	1.60	0.7	2800	0.750	2.74	273 +or- 22	22	47	
	2012 Dec 9	DEIMOS	1.0	1.90	1.2	3600			253 +or- 28	11	170	
SL2SJ021325-074355	2007 Sep 14	LRIS	1.0	1.68	0.6	1800	0.717	3.48	293 +or- 34	5	220	
SL2SJ021411-040502	2012 Dec 9	DEIMOS	1.0	1.88	0.8	3600	0.609	1.88	287 +or- 47	10	170	
	2011 Jan 28	LRIS	0.7	1.62	0.6	2700			264 +or- 26	13	120	
	2010 Oct 8	XSHOOTER	0.9	1.60	0.7	2800			209 +or- 20	27	49	
SL2SJ021737-051329	2006 Dec 23	LRIS	1.5	1.68	0.6	2400	0.646	1.85	239 +or- 27	11	160	
	2007 Sep 14	LRIS	1.0	1.68	0.6	3600			292 +or- 33	12	120	
SL2SJ021801-080247	2011 Jan 28	LRIS	0.7	1.62	0.6	1800	 ... 	2.06	 ... 	6	120	
	2012 Dec 9	DEIMOS	1.0	0.81	1.0	1200			 ... 	5	170	
SL2SJ021902-082934	2007 Sep 13	LRIS	1.0	1.68	0.7	2700	0.389	2.15	289 +or- 23	21	210	
SL2SJ022046-094927	2012 Dec 9	DEIMOS	1.0	1.90	0.8	1800	0.572	 ... 	254 +or- 29	10	170	
SL2SJ022056-063934	2007 Sep 13	LRIS	1.0	1.68	0.8	1800	0.330	 ... 	231 +or- 25	23	220	
SL2SJ022346-053418	2011 Nov 30	LRIS	1.0	1.62	0.6	900	0.499	1.44	288 +or- 28	20	140	
SL2SJ022357-065142	2010 Aug 6	LRIS	1.0	1.64	1.0	900	0.473	 ... 	312 +or- 27	23	160	
	2010 Nov 1	LRIS	1.0	1.64	0.9	900			289 +or- 28	25	150	
SL2SJ022511-045433	2009 Sep 9	LRIS	1.0	0.81	0.7	1800	0.238	1.20	234 +or- 21	54	500	
SL2SJ022610-042011	2007 Sep 14	LRIS	1.0	1.62	0.6	1800	0.494	1.23	263 +or- 24	15	230	
SL2SJ022648-040610	2006 Dec 23	LRIS	1.5	1.68	0.6	2700	0.766	 ... 	333 +or- 24	9	160	
	2010 Oct 8	XSHOOTER	0.9	1.60	0.6	2800			324 +or- 21	43	47	
SL2SJ022648-090421	2007 Sep 14	LRIS	1.0	1.68	0.6	1800	0.456	 ... 	302 +or- 24	23	220	
SL2SJ023251-040823	2007 Sep 13	LRIS	1.0	1.68	0.7	2700	0.352	2.34	281 +or- 26	19	220	
	2010 Oct 6	XSHOOTER	1.0	1.60	0.7	2800			247 +or- 32	37	49	
SL2SJ084847-035103	2011 Jan 3	XSHOOTER	0.9	1.60	1.0	2800	0.682	1.55	197 +or- 21	19	49	
SL2SJ084909-041226	2011 Jan 2	XSHOOTER	0.9	1.60	0.9	2800	0.722	1.54	320 +or- 24	14	49	
	2012 Dec 9	DEIMOS	1.0	1.88	0.8	6000			275 +or- 26	26	160	
SL2SJ084934-043352	2011 Jan 28	LRIS	0.7	1.62	0.6	1800	0.373	 ... 	245 +or- 24	23	120	
SL2SJ084959-025142	2011 Jan 1	XSHOOTER	0.9	1.60	0.8	2800	0.274	2.09	276 +or- 35	67	47	
SL2SJ085019-034710	2011 Jan 28	LRIS	0.7	1.62	0.6	2700	0.337	3.25	290 +or- 24	26	120	
SL2SJ085327-023745	2011 Nov 30	LRIS	1.0	1.62	0.9	4800	0.774	2.44	 ... 	 ... 	150	
SL2SJ085540-014730	2011 Jan 28	LRIS	0.7	1.62	0.6	3600	0.365	3.39	222 +or- 25	24	120	
	2012 Dec 9	DEIMOS	1.0	1.88	0.8	2400			209 +or- 31	14	160	
SL2SJ085559-040917	2011 Jan 28	LRIS	0.7	1.62	0.6	3600	0.419	2.95	281 +or- 22	33	120	
SL2SJ085826-014300	2011 Nov 30	LRIS	1.0	1.62	0.9	3600	0.580	 ... 	233 +or- 25	 ... 	160	
SL2SJ090106-025906	2011 Jan 7	XSHOOTER	0.9	1.60	0.7	2800	0.670	1.19	 ... 	7	49	
SL2SJ090407-005952	2010 Dec 30	XSHOOTER	0.9	1.60	0.7	2800	0.611	2.36	183 +or- 21	22	52	
SL2SJ095921+020638	2011 Feb 2	XSHOOTER	0.9	1.60	0.7	2800	0.552	3.35	188 +or- 22	17	47	
SL2SJ135847+545913	2011 Apr 29	LRIS	1.0	1.62	0.8	2700	0.510	 ... 	287 +or- 22	28	150	
	2013 Mar 22	GNIRS	0.675	 ... 	0.7	7200			 ... 	 ... 	 ... 	
SL2SJ135949+553550	2010 Mar 17	LRIS	1.0	1.62	0.7	5400	0.783	2.77	228 +or- 29	9	150	
	2011 Apr 29	LRIS	1.0	1.62	0.9	5400			234 +or- 28	12	150	
SL2SJ140123+555705	2006 Jul 20	LRIS	1.5	3.36	0.8	1200	0.527	 ... 	332 +or- 25	10	210	
SL2SJ140156+554446	2011 Apr 29	LRIS	1.0	1.62	0.8	2700	0.464	 ... 	297 +or- 22	34	150	
SL2SJ140221+550534	2008 Feb 21	SDSS	 ... 	 ... 	 ... 	 ... 	0.412	 ... 	 ... 	 ... 	 ... 	
SL2SJ140454+520024	2011 Apr 30	LRIS	1.0	1.62	0.9	1800	0.456	1.59	342 +or- 20	38	140	
SL2SJ140546+524311	2011 Apr 29	LRIS	1.0	1.62	0.8	2700	0.526	3.01	284 +or- 21	30	140	
	2013 Mar 26	GNIRS	0.675	 ... 	0.5	4800			 ... 	 ... 	 ... 	
SL2SJ140614+520253	2006 Jul 20	LRIS	1.5	3.36	0.8	1200	0.480	 ... 	247 +or- 29	11	190	
SL2SJ140650+522619	2011 Apr 29	LRIS	1.0	1.62	0.9	3600	0.716	1.47	253 +or- 19	15	150	
	2011 Apr 30	LRIS	1.0	1.62	0.9	3600			247 +or- 20	16	160	
SL2SJ141137+565119	2010 Jan 14	LRIS	1.0	1.62	1.3	2700	0.322	1.42	214 +or- 23	35	470	
SL2SJ142003+523137	2011 Apr 30	LRIS	1.0	1.62	0.9	2700	0.354	1.41	 ... 	4	150	
SL2SJ142031+525822	2011 Apr 29	LRIS	1.0	1.62	0.8	1800	0.380	0.99	246 +or- 23	24	150	
SL2SJ142059+563007	2011 Apr 29	LRIS	1.0	1.62	0.9	1800	0.483	3.12	 ... 	20	 ... 	
	2011 Apr 30	LRIS	1.0	1.62	0.8	1800			228 +or- 19	18	160	
SL2SJ142731+551645	2011 Apr 30	LRIS	1.0	1.62	0.8	3600	0.511	2.58	 ... 	12	150	
SL2SJ220329+020518	2010 Aug 6	LRIS	1.0	1.62	0.9	2700	0.400	2.15	213 +or- 21	36	170	
SL2SJ220506+014703	2010 Oct 6	XSHOOTER	0.9	1.60	0.8	2800	0.476	2.53	317 +or- 30	29	49	
SL2SJ220629+005728	2007 Sep 13	LRIS	1.0	1.68	0.7	2700	0.704	 ... 	290 +or- 39	6	230	
SL2SJ221326-000946	2009 Sep 9	LRIS	1.0	1.62	1.0	1800	0.338	3.45	165 +or- 20	30	150	
	2011 Jul 29	XSHOOTER	0.9	1.60	0.8	2800			177 +or- 21	32	56	
SL2SJ221407-180712	2007 Sep 13	LRIS	1.0	1.68	0.7	2700	0.651	 ... 	200 +or- 24	6	220	
SL2SJ221852+014038	2010 Aug 6	LRIS	1.0	1.62	0.9	2700	0.564	 ... 	305 +or- 23	28	170	
	2012 Nov 10	GNIRS	0.675	 ... 	0.7	3600			 ... 	 ... 	 ... 	
SL2SJ221929-001743	2007 Sep 14	LRIS	0.7	1.68	0.6	1800	0.289	1.02	189 +or- 20	23	420	
SL2SJ222012+010606	2012 Aug 18	DEIMOS	1.0	1.88	1.2	3600	0.232	1.07	127 +or- 15	14	170	
SL2SJ222148+011542	2012 Nov 11	GNIRS	0.675	 ... 	0.7	3600	0.325	2.35	 ... 	 ... 	 ... 	
	2012 Aug 18	DEIMOS	1.0	1.88	1.2	3600			222 +or- 23	25	160	
	2012 Oct 1	XSHOOTER	0.9	1.60	1.0	1400			 ... 	 ... 	 ... 	
SL2SJ222217+001202	2010 Aug 6	LRIS	1.0	1.62	0.9	900	0.436	1.36	221 +or- 22	13	170	
	2010 Nov 1	LRIS	1.0	1.62	0.9	900			200 +or- 29	10	150	

Notes. Summary of spectroscopic observations and derived parameters.